0.000010 0.000010 0.000010 0.000010 0.000010 0.000010 0.000010 0.000010 0.000010 0.000010 0.000010 0.999890
0.000010 0.000010 0.000010 0.000010 0.000010 0.000010 0.372328 0.000010 0.000010 0.000010 0.000010 0.627572
0.000010 0.000010 0.000010 0.000010 0.000010 0.000010 0.000010 0.000010 0.000010 0.000010 0.000010 0.999890
0.000010 0.000010 0.000010 0.000010 0.000010 0.938931 0.000010 0.060969 0.000010 0.000010 0.000010 0.000010
0.000010 0.000010 0.080833 0.000010 0.000010 0.005262 0.022715 0.873353 0.000010 0.000010 0.010502 0.007274
0.000010 0.000010 0.035387 0.000010 0.000010 0.010394 0.000010 0.931253 0.000010 0.000010 0.022886 0.000010
0.000010 0.000010 0.000010 0.000010 0.000010 0.999890 0.000010 0.000010 0.000010 0.000010 0.000010 0.000010
0.000010 0.000010 0.230661 0.000010 0.000010 0.037239 0.000010 0.654271 0.000010 0.000010 0.000010 0.077749
0.000010 0.000010 0.048500 0.000010 0.000010 0.000010 0.005396 0.889276 0.000010 0.000010 0.017373 0.039384
0.000010 0.000010 0.000010 0.000010 0.000010 0.892095 0.000010 0.107805 0.000010 0.000010 0.000010 0.000010
0.000010 0.000010 0.000010 0.000010 0.000010 0.999890 0.000010 0.000010 0.000010 0.000010 0.000010 0.000010
0.000010 0.000010 0.161232 0.000010 0.000010 0.029007 0.005164 0.762613 0.000010 0.000010 0.017600 0.024324
0.000010 0.000010 0.000010 0.000010 0.000010 0.000010 0.000010 0.000010 0.000010 0.000010 0.000010 0.999890
0.000010 0.000010 0.000010 0.000010 0.000010 0.000010 0.000010 0.000010 0.000010 0.000010 0.000010 0.999890
0.000010 0.000010 0.000010 0.000010 0.000010 0.000010 0.000010 0.000010 0.000010 0.000010 0.000010 0.999890
0.000010 0.000010 0.000010 0.000010 0.000010 0.000010 0.000010 0.000010 0.000010 0.000010 0.000010 0.999890
0.000010 0.000010 0.000010 0.000010 0.000010 0.000010 0.000010 0.000010 0.000010 0.000010 0.000010 0.999890
0.000010 0.000010 0.000010 0.000010 0.000010 0.000010 0.000010 0.000010 0.000010 0.388248 0.611652 0.000010
0.000010 0.000010 0.000010 0.000010 0.000010 0.000010 0.000010 0.000010 0.000010 0.999890 0.000010 0.000010
0.000010 0.000010 0.000010 0.000010 0.000010 0.000010 0.000010 0.000010 0.000010 0.340626 0.659274 0.000010
0.000010 0.000010 0.000010 0.000010 0.000010 0.000010 0.000010 0.000010 0.000010 0.999890 0.000010 0.000010
0.000010 0.000010 0.000010 0.000010 0.000010 0.000010 0.000010 0.000016 0.000010 0.999884 0.000010 0.000010
0.000010 0.000010 0.000010 0.000010 0.000010 0.000010 0.000010 0.000010 0.000010 0.407360 0.592540 0.000010
0.000010 0.000010 0.000010 0.000010 0.000010 0.000010 0.000010 0.000010 0.000010 0.999890 0.000010 0.000010
0.516806 0.000010 0.000010 0.000010 0.483094 0.000010 0.000010 0.000010 0.000010 0.000010 0.000010 0.000010
0.506498 0.000010 0.000010 0.000010 0.493402 0.000010 0.000010 0.000010 0.000010 0.000010 0.000010 0.000010
0.000010 0.000010 0.000010 0.000010 0.999890 0.000010 0.000010 0.000010 0.000010 0.000010 0.000010 0.000010
0.517606 0.000010 0.000010 0.000010 0.482294 0.000010 0.000010 0.000010 0.000010 0.000010 0.000010 0.000010
0.501110 0.000010 0.000010 0.000010 0.498790 0.000010 0.000010 0.000010 0.000010 0.000010 0.000010 0.000010
0.492580 0.000010 0.000010 0.000010 0.507320 0.000010 0.000010 0.000010 0.000010 0.000010 0.000010 0.000010
0.532147 0.000010 0.000010 0.000010 0.467753 0.000010 0.000010 0.000010 0.000010 0.000010 0.000010 0.000010
0.500523 0.000010 0.000010 0.000010 0.499377 0.000010 0.000010 0.000010 0.000010 0.000010 0.000010 0.000010
0.492563 0.000010 0.000010 0.000010 0.507337 0.000010 0.000010 0.000010 0.000010 0.000010 0.000010 0.000010
0.497104 0.000010 0.000010 0.038909 0.402251 0.000010 0.000010 0.000010 0.061656 0.000010 0.000010 0.000010
0.512263 0.000010 0.000010 0.000010 0.487637 0.000010 0.000010 0.000010 0.000010 0.000010 0.000010 0.000010
0.000010 0.000010 0.000010 0.000010 0.000010 0.000010 0.000010 0.000010 0.000010 0.481024 0.518876 0.000010
0.000010 0.000010 0.000016 0.000010 0.000010 0.000010 0.000010 0.000010 0.000010 0.999884 0.000010 0.000010
0.000010 0.000010 0.000010 0.000010 0.000010 0.000010 0.000010 0.000010 0.000010 0.999890 0.000010 0.000010
0.000010 0.000010 0.000010 0.000010 0.000010 0.000010 0.999890 0.000010 0.000010 0.000010 0.000010 0.000010
0.000010 0.000010 0.000010 0.000010 0.000010 0.000010 0.999890 0.000010 0.000010 0.000010 0.000010 0.000010
0.000010 0.000010 0.000010 0.000010 0.000010 0.000010 0.681825 0.000010 0.000010 0.000010 0.000010 0.318075
0.000010 0.000010 0.000337 0.000010 0.000010 0.008561 0.468168 0.000010 0.000010 0.000010 0.000010 0.522854
0.000010 0.000010 0.993816 0.000010 0.000010 0.000010 0.000010 0.006084 0.000010 0.000010 0.000010 0.000010
0.000010 0.000010 0.926493 0.000010 0.000010 0.000010 0.000010 0.073407 0.000010 0.000010 0.000010 0.000010
0.000010 0.000010 0.000010 0.000010 0.000010 0.000010 0.691234 0.000010 0.000010 0.000010 0.000010 0.308666
0.000010 0.000010 0.000010 0.000010 0.086017 0.132739 0.000010 0.000010 0.781154 0.000010 0.000010 0.000010
0.329747 0.000010 0.000010 0.182029 0.000010 0.000010 0.000010 0.000010 0.403738 0.000010 0.000010 0.084405
0.415600 0.000010 0.000010 0.000010 0.000010 0.000010 0.000010 0.000010 0.584300 0.000010 0.000010 0.000010
0.000010 0.000010 0.000010 0.000010 0.038056 0.000010 0.000010 0.000010 0.961844 0.000010 0.000010 0.000010
0.404496 0.000010 0.000010 0.000010 0.000010 0.000010 0.000010 0.000010 0.595404 0.000010 0.000010 0.000010
0.352179 0.000010 0.000010 0.035077 0.000010 0.000010 0.000010 0.000010 0.486043 0.000010 0.000010 0.126621
0.000010 0.000010 0.000010 0.000010 0.327479 0.000010 0.000010 0.000010 0.672421 0.000010 0.000010 0.000010
0.000010 0.000010 0.000010 0.331680 0.000010 0.000010 0.000010 0.000010 0.668220 0.000010 0.000010 0.000010
0.000010 0.000010 0.000010 0.000010 0.031600 0.000010 0.000010 0.000010 0.968300 0.000010 0.000010 0.000010
0.188928 0.000010 0.000010 0.810972 0.000010 0.000010 0.000010 0.000010 0.000010 0.000010 0.000010 0.000010
0.000010 0.000010 0.968493 0.000010 0.000010 0.000010 0.000010 0.031407 0.000010 0.000010 0.000010 0.000010
0.000010 0.000010 0.000010 0.000010 0.000010 0.000010 0.613085 0.000010 0.000010 0.000010 0.000010 0.386815
0.000010 0.999890 0.000010 0.000010 0.000010 0.000010 0.000010 0.000010 0.000010 0.000010 0.000010 0.000010
0.000010 0.999890 0.000010 0.000010 0.000010 0.000010 0.000010 0.000010 0.000010 0.000010 0.000010 0.000010
0.000010 0.999885 0.000014 0.000010 0.000010 0.000011 0.000010 0.000010 0.000010 0.000010 0.000010 0.000010
0.000010 0.000010 0.000010 0.000010 0.000010 0.000010 0.623966 0.000010 0.000010 0.002259 0.000010 0.373685
0.000010 0.000010 0.000010 0.000010 0.000010 0.000010 0.407988 0.027184 0.000010 0.000010 0.000010 0.564738
0.000010 0.000010 0.000010 0.000010 0.000010 0.000010 0.766410 0.000010 0.000010 0.000010 0.000010 0.233490
0.000010 0.000010 0.000010 0.000010 0.000010 0.000010 0.634346 0.000010 0.000010 0.000010 0.000010 0.365554
0.000010 0.000010 0.000010 0.000010 0.000010 0.032218 0.442506 0.000010 0.000010 0.000010 0.000010 0.525186
0.000010 0.000010 0.000010 0.000010 0.000010 0.000010 0.627065 0.000010 0.000010 0.000010 0.000010 0.372835
0.000010 0.000010 0.000010 0.000010 0.000010 0.000010 0.762895 0.000010 0.000010 0.000010 0.000010 0.237005
0.000010 0.000010 0.000010 0.000010 0.000010 0.000010 0.394265 0.000010 0.000010 0.000010 0.000010 0.605635
0.000010 0.000010 0.993151 0.000010 0.000010 0.000010 0.000010 0.006749 0.000010 0.000010 0.000010 0.000010
0.000010 0.000010 0.986060 0.000010 0.000010 0.000010 0.000010 0.013840 0.000010 0.000010 0.000010 0.000010
0.000010 0.000010 0.997583 0.000010 0.000010 0.000010 0.000010 0.002317 0.000010 0.000010 0.000010 0.000010
0.000010 0.000010 0.000010 0.000010 0.000010 0.000010 0.676064 0.000010 0.000010 0.000010 0.000010 0.323836
0.000010 0.000010 0.000010 0.000010 0.000010 0.000010 0.643326 0.000010 0.000010 0.000010 0.000010 0.356574
0.000010 0.000010 0.000010 0.000010 0.000010 0.000010 0.699958 0.000010 0.000010 0.000010 0.000010 0.299942
0.000010 0.000010 0.000010 0.000010 0.000010 0.000010 0.568253 0.000010 0.000010 0.000010 0.000010 0.431647
0.000010 0.000010 0.000010 0.000010 0.000010 0.000010 0.670858 0.000010 0.000010 0.000010 0.000010 0.329042
0.000010 0.000010 0.999890 0.000010 0.000010 0.000010 0.000010 0.000010 0.000010 0.000010 0.000010 0.000010
0.000010 0.000010 0.959902 0.000010 0.000010 0.004741 0.000010 0.035267 0.000010 0.000010 0.000010 0.000010
0.000010 0.000010 0.958289 0.000010 0.000010 0.000010 0.000010 0.041611 0.000010 0.000010 0.000010 0.000010
0.000010 0.000010 0.964487 0.000010 0.000010 0.024579 0.000010 0.010844 0.000010 0.000010 0.000010 0.000010
0.000010 0.000010 0.979816 0.000010 0.000010 0.000010 0.000010 0.020084 0.000010 0.000010 0.000010 0.000010
0.517973 0.000010 0.000010 0.000010 0.481927 0.000010 0.000010 0.000010 0.000010 0.000010 0.000010 0.000010
0.507413 0.000010 0.000010 0.000010 0.492487 0.000010 0.000010 0.000010 0.000010 0.000010 0.000010 0.000010
0.501000 0.000010 0.000010 0.000010 0.498900 0.000010 0.000010 0.000010 0.000010 0.000010 0.000010 0.000010
0.000010 0.000010 0.000010 0.000010 0.999890 0.000010 0.000010 0.000010 0.000010 0.000010 0.000010 0.000010
0.495095 0.000010 0.000010 0.000010 0.504805 0.000010 0.000010 0.000010 0.000010 0.000010 0.000010 0.000010
0.489133 0.000010 0.000010 0.000010 0.510767 0.000010 0.000010 0.000010 0.000010 0.000010 0.000010 0.000010
0.506308 0.000010 0.000010 0.000010 0.493592 0.000010 0.000010 0.000010 0.000010 0.000010 0.000010 0.000010
0.514316 0.000010 0.000010 0.000010 0.485584 0.000010 0.000010 0.000010 0.000010 0.000010 0.000010 0.000010
0.000010 0.000010 0.992164 0.000010 0.000010 0.000010 0.000010 0.007736 0.000010 0.000010 0.000010 0.000010
0.000010 0.000010 0.991993 0.000010 0.000010 0.000010 0.000010 0.007907 0.000010 0.000010 0.000010 0.000010
0.000010 0.000010 0.000010 0.999890 0.000010 0.000010 0.000010 0.000010 0.000010 0.000010 0.000010 0.000010
0.000010 0.000010 0.000010 0.999890 0.000010 0.000010 0.000010 0.000010 0.000010 0.000010 0.000010 0.000010
0.000010 0.000010 0.999890 0.000010 0.000010 0.000010 0.000010 0.000010 0.000010 0.000010 0.000010 0.000010
0.000010 0.000010 0.999890 0.000010 0.000010 0.000010 0.000010 0.000010 0.000010 0.000010 0.000010 0.000010
