0.000010 0.000010 0.454502 0.000010 0.000010 0.545458
0.000010 0.000010 0.478621 0.000010 0.000010 0.521339
0.000010 0.000010 0.442545 0.000010 0.000010 0.557415
0.372292 0.000010 0.627668 0.000010 0.000010 0.000010
0.647748 0.000010 0.235867 0.000010 0.000010 0.116355
0.686856 0.000010 0.220985 0.000010 0.000010 0.092129
0.341651 0.000010 0.658309 0.000010 0.000010 0.000010
0.667704 0.000010 0.202466 0.000010 0.000010 0.129800
0.648412 0.000010 0.222377 0.000010 0.000010 0.129181
0.357577 0.000010 0.642383 0.000010 0.000010 0.000010
0.312502 0.000010 0.687458 0.000010 0.000010 0.000010
0.697369 0.000010 0.171449 0.000019 0.000010 0.131144
0.000010 0.000010 0.432800 0.000010 0.000010 0.567160
0.000014 0.000010 0.463439 0.000010 0.000010 0.536516
0.000010 0.000010 0.430058 0.000010 0.000010 0.569902
0.000010 0.000010 0.461929 0.000010 0.000010 0.538031
0.000010 0.000010 0.456468 0.000010 0.000010 0.543492
0.000010 0.000010 0.000010 0.000010 0.726877 0.273083
0.000010 0.000010 0.000014 0.000010 0.999946 0.000010
0.000010 0.000010 0.000010 0.000010 0.724857 0.275103
0.000010 0.000010 0.000010 0.000010 0.999950 0.000010
0.000010 0.000010 0.000010 0.000010 0.999950 0.000010
0.000010 0.000010 0.000010 0.000010 0.749187 0.250773
0.000010 0.000010 0.000013 0.000010 0.999947 0.000010
0.000010 0.999950 0.000010 0.000010 0.000010 0.000010
0.000010 0.999950 0.000010 0.000010 0.000010 0.000010
0.000010 0.999950 0.000010 0.000010 0.000010 0.000010
0.000010 0.999950 0.000010 0.000010 0.000010 0.000010
0.000010 0.999950 0.000010 0.000010 0.000010 0.000010
0.000010 0.999950 0.000010 0.000010 0.000010 0.000010
0.000010 0.999950 0.000010 0.000010 0.000010 0.000010
0.000010 0.999950 0.000010 0.000010 0.000010 0.000010
0.000010 0.999945 0.000010 0.000015 0.000010 0.000010
0.000010 0.944870 0.000010 0.000010 0.000010 0.055090
0.000010 0.999950 0.000010 0.000010 0.000010 0.000010
0.000010 0.000014 0.000010 0.000010 0.740024 0.259932
0.000010 0.000010 0.000012 0.000010 0.999948 0.000010
0.000010 0.000010 0.000012 0.000010 0.999948 0.000010
0.048394 0.000010 0.462482 0.000010 0.000010 0.489094
0.061841 0.000010 0.460534 0.000010 0.000010 0.477595
0.000010 0.000010 0.460532 0.000014 0.000010 0.539425
0.000010 0.000010 0.445819 0.000010 0.000010 0.554141
0.999944 0.000010 0.000016 0.000010 0.000010 0.000010
0.999950 0.000010 0.000010 0.000010 0.000010 0.000010
0.000010 0.000010 0.434820 0.000010 0.000010 0.565140
0.000010 0.427985 0.571975 0.000010 0.000010 0.000010
0.000010 0.610656 0.255448 0.000010 0.000010 0.133866
0.000010 0.671685 0.232112 0.000010 0.000010 0.096173
0.000010 0.519141 0.473786 0.000016 0.007037 0.000010
0.000010 0.651920 0.245302 0.000017 0.000010 0.102741
0.000010 0.594266 0.266690 0.000010 0.000010 0.139014
0.000010 0.632975 0.366982 0.000010 0.000013 0.000010
0.000010 0.437924 0.562036 0.000010 0.000010 0.000010
0.000010 0.499897 0.500063 0.000010 0.000010 0.000010
0.000010 0.625069 0.282836 0.061629 0.000010 0.030446
0.999950 0.000010 0.000010 0.000010 0.000010 0.000010
0.000010 0.000010 0.438643 0.000010 0.000010 0.561317
0.000010 0.000010 0.000010 0.999950 0.000010 0.000010
0.000010 0.000010 0.000010 0.999950 0.000010 0.000010
0.000010 0.000010 0.000010 0.999948 0.000012 0.000010
0.000010 0.000010 0.456074 0.000010 0.000010 0.543886
0.000010 0.000010 0.473981 0.000010 0.000010 0.525979
0.000010 0.000010 0.461265 0.000010 0.000010 0.538695
0.000010 0.000010 0.451480 0.000010 0.000010 0.548480
0.000010 0.000010 0.473458 0.000010 0.000010 0.526502
0.000010 0.000010 0.448482 0.000010 0.000010 0.551478
0.000010 0.000010 0.467274 0.000010 0.000010 0.532686
0.000010 0.000010 0.463520 0.000010 0.000010 0.536440
0.999950 0.000010 0.000010 0.000010 0.000010 0.000010
0.999949 0.000010 0.000010 0.000011 0.000010 0.000010
0.999950 0.000010 0.000010 0.000010 0.000010 0.000010
0.000010 0.000010 0.460914 0.000010 0.000010 0.539046
0.000010 0.000010 0.447613 0.000010 0.000010 0.552347
0.000010 0.000010 0.434970 0.000010 0.000010 0.564990
0.000010 0.000010 0.473150 0.000010 0.000010 0.526810
0.000010 0.000010 0.444014 0.000010 0.000010 0.555946
0.999950 0.000010 0.000010 0.000010 0.000010 0.000010
0.999950 0.000010 0.000010 0.000010 0.000010 0.000010
0.999950 0.000010 0.000010 0.000010 0.000010 0.000010
0.972802 0.000010 0.000013 0.000010 0.000010 0.027155
0.999950 0.000010 0.000010 0.000010 0.000010 0.000010
0.000010 0.999950 0.000010 0.000010 0.000010 0.000010
0.000010 0.999950 0.000010 0.000010 0.000010 0.000010
0.000010 0.999948 0.000010 0.000012 0.000010 0.000010
0.000010 0.999950 0.000010 0.000010 0.000010 0.000010
0.000010 0.999950 0.000010 0.000010 0.000010 0.000010
0.000010 0.999940 0.000010 0.000020 0.000010 0.000010
0.000010 0.999950 0.000010 0.000010 0.000010 0.000010
0.000010 0.999950 0.000010 0.000010 0.000010 0.000010
0.999950 0.000010 0.000010 0.000010 0.000010 0.000010
0.999950 0.000010 0.000010 0.000010 0.000010 0.000010
0.000010 0.590729 0.376700 0.032542 0.000010 0.000010
0.000010 0.592851 0.381965 0.025154 0.000010 0.000010
0.999950 0.000010 0.000010 0.000010 0.000010 0.000010
0.999950 0.000010 0.000010 0.000010 0.000010 0.000010
